0.0705205212,0.0923213999,-0.2147483648,0.0000000000,
0.1132751854,0.0644187420,-0.2147483648,0.0000000000,
0.0826586319,0.1065612499,-0.2147483648,0.0000000000,
0.0800658072,0.1066257049,-0.2147483648,0.0000000000,
0.0825623900,0.0891967379,-0.2147483648,0.0000000000,
0.1146462513,0.0543300863,-0.2147483648,0.0000000000,
0.0874574381,-0.0163638628,-0.2147483648,0.0000000000,
0.0737254744,-0.0062391108,-0.2147483648,0.0000000000,
0.0681929951,0.0163260491,-0.2147483648,0.0000000000,
0.0869845312,0.0438119745,-0.2147483648,0.0000000000,
0.0498851693,0.0219837589,-0.2147483648,0.0000000000,
0.0329540010,0.0423835970,-0.2147483648,0.0000000000,
0.0260219660,0.0568228318,-0.2147483648,0.0000000000,
0.0163404810,0.0535465096,-0.2147483648,0.0000000000,
0.0196781917,0.0468111464,-0.2147483648,0.0000000000,
0.0302370934,0.0091819091,-0.2147483648,0.0000000000,
0.0299138834,0.0070389807,-0.2147483648,0.0000000000,
0.0203887708,0.0049712180,-0.2147483648,0.0000000000,
0.0147071067,0.0234337147,-0.2147483648,0.0000000000,
0.0136709724,0.0542243622,-0.2147483648,0.0000000000,
0.0389071907,0.0204185901,-0.2147483648,0.0000000000,
0.0420469123,-0.0057485065,-0.2147483648,0.0000000000,
0.0411577824,-0.0041817049,-0.2147483648,0.0000000000,
0.0367599819,-0.0032876792,-0.2147483648,0.0000000000;
